1.932054119732385137e-05
2.121825568167214632e-05
2.335585027586582142e-05
2.575625875818179095e-05
2.845670901125958466e-05
3.150679132059397116e-05
3.494859395182816193e-05
3.882836257641190253e-05
4.325827196658929590e-05
4.830598707293496362e-05
5.404429510316828084e-05
6.055448684765080635e-05
6.795781280909463421e-05
7.641043826123879135e-05
8.643083744999614706e-05
9.794941827363764294e-05
1.111606640366044163e-04
1.263915334241403113e-04
1.445066642795332374e-04
1.656920255253760822e-04
2.020390063002391878e-04
9.224967182964448342e-02
7.458054293842654447e-02
5.697118362935713748e-02
4.054469996717034036e-02
2.662822542748316187e-02
1.623665109077466681e-02
9.435222859507446172e-03
5.447769574293620347e-03
3.251634030887565283e-03
2.056063512705302160e-03
1.394369276694524618e-03
1.005592145848730043e-03
7.655686810090747609e-04
6.109319515640492318e-04
5.070426211353753132e-04
4.335139433658263819e-04
3.803587005325727256e-04
3.405183194169714915e-04
3.108148864450637513e-04
2.888825891082999735e-04
2.712069588595481494e-04
2.558581968273544662e-04
2.409123353131486936e-04
2.249680873147287216e-04
2.054637966871913912e-04
1.848418906377896891e-04
1.677040442269830706e-04
1.567520278444589632e-04
1.505597816045816815e-04
