7.944437861442565918e-02
8.117631822824478149e-02
8.277399837970733643e-02
8.460243046283721924e-02
8.704035729169845581e-02
8.848433196544647217e-02
8.977165818214416504e-02
9.108981490135192871e-02
9.216673672199249268e-02
9.335080534219741821e-02
9.449704736471176147e-02
9.536257386207580566e-02
1.006479039788246155e-01
1.012475863099098206e-01
1.012493669986724854e-01
1.011350974440574646e-01
1.007107421755790710e-01
1.141540855169296265e-01
1.135830283164978027e-01
1.124198213219642639e-01
1.097811758518218994e-01
7.160969972610473633e-01
4.915165603160858154e-01
4.153627157211303711e-01
5.770828723907470703e-01
8.029484748840332031e-01
9.832503795623779297e-01
1.071448922157287598e+00
9.845085740089416504e-01
7.912325263023376465e-01
7.479543089866638184e-01
6.970906853675842285e-01
6.346685290336608887e-01
5.520896315574645996e-01
4.758703708648681641e-01
4.169554114341735840e-01
3.924557864665985107e-01
3.199019730091094971e-01
2.708391845226287842e-01
2.376323491334915161e-01
1.978276968002319336e-01
1.596877574920654297e-01
1.307386159896850586e-01
1.253342181444168091e-01
1.164888590574264526e-01
1.075072363018989563e-01
9.888972342014312744e-02
1.003611236810684204e-01
1.216268837451934814e-01
1.316552907228469849e-01
