2.442445792257785797e-02
2.554848976433277130e-02
2.656794898211956024e-02
2.786033228039741516e-02
2.447811141610145569e-02
2.525595016777515411e-02
2.584129571914672852e-02
2.648102119565010071e-02
2.702841348946094513e-02
2.772761881351470947e-02
2.847640216350555420e-02
2.904391102492809296e-02
2.854293212294578552e-02
2.867200784385204315e-02
2.883793413639068604e-02
2.889081649482250214e-02
2.856766059994697571e-02
3.977405279874801636e-02
3.998124971985816956e-02
4.002939537167549133e-02
4.009381309151649475e-02
4.243740811944007874e-02
5.011795088648796082e-02
7.602231949567794800e-02
1.384387463331222534e-01
2.474625557661056519e-01
4.239408671855926514e-01
6.051520705223083496e-01
5.407477021217346191e-01
4.224704205989837646e-01
4.024852216243743896e-01
3.782519400119781494e-01
3.405146300792694092e-01
2.890581786632537842e-01
2.439946383237838745e-01
2.072082459926605225e-01
1.942893862724304199e-01
1.495960056781768799e-01
1.200574263930320740e-01
1.006406769156455994e-01
7.657809555530548096e-02
5.772269144654273987e-02
7.342386245727539062e-02
7.196263968944549561e-02
6.785426288843154907e-02
6.596989929676055908e-02
6.313650310039520264e-02
6.208769604563713074e-02
7.931662350893020630e-02
8.674733340740203857e-02
