2.353687025606632233e-02
2.467593736946582794e-02
2.572201192378997803e-02
2.711233124136924744e-02
2.371865697205066681e-02
2.453005686402320862e-02
2.515997737646102905e-02
2.585279755294322968e-02
2.640376985073089600e-02
2.712737582623958588e-02
2.789359912276268005e-02
2.852550707757472992e-02
2.797132730484008789e-02
2.811263129115104675e-02
2.831351198256015778e-02
2.831662632524967194e-02
2.793547511100769043e-02
3.900987654924392700e-02
3.913086280226707458e-02
3.902256861329078674e-02
3.882730752229690552e-02
4.062525555491447449e-02
4.695926606655120850e-02
7.260067015886306763e-02
1.343733668327331543e-01
2.426398247480392456e-01
4.190065264701843262e-01
5.999942421913146973e-01
5.367109179496765137e-01
4.193285405635833740e-01
4.000294506549835205e-01
3.760729134082794189e-01
3.390201330184936523e-01
2.881046831607818604e-01
2.431172877550125122e-01
2.066025584936141968e-01
1.937240213155746460e-01
1.490463316440582275e-01
1.195282489061355591e-01
1.000441536307334900e-01
7.600935548543930054e-02
5.708856135606765747e-02
7.287306338548660278e-02
7.151081413030624390e-02
6.749644875526428223e-02
6.572363525629043579e-02
6.287395954132080078e-02
6.172986328601837158e-02
7.866349071264266968e-02
8.586866408586502075e-02
