5.650741606950759888e-02
5.802735313773155212e-02
5.951231345534324646e-02
6.101180240511894226e-02
5.727114528417587280e-02
5.842677131295204163e-02
5.956096202135086060e-02
6.061690300703048706e-02
6.167554855346679688e-02
6.278317421674728394e-02
6.383132934570312500e-02
6.460716575384140015e-02
6.012760847806930542e-02
6.048024818301200867e-02
6.084096804261207581e-02
6.090560927987098694e-02
6.063494458794593811e-02
6.230342760682106018e-02
6.200718134641647339e-02
6.135635823011398315e-02
6.022420153021812439e-02
4.174638986587524414e-01
3.471031188964843750e-01
3.825206756591796875e-01
5.092955231666564941e-01
6.441307067871093750e-01
7.454515099525451660e-01
7.891071438789367676e-01
7.035905122756958008e-01
5.513042211532592773e-01
5.186352133750915527e-01
4.815451800823211670e-01
4.295747578144073486e-01
3.607299327850341797e-01
3.006602227687835693e-01
2.558015584945678711e-01
2.380308657884597778e-01
1.837844401597976685e-01
1.494029760360717773e-01
1.269194334745407104e-01
9.727125614881515503e-02
7.212724536657333374e-02
8.483227342367172241e-02
8.410755544900894165e-02
8.058858662843704224e-02
8.091943711042404175e-02
7.919395714998245239e-02
8.342714607715606689e-02
1.113266199827194214e-01
1.229586154222488403e-01
